1
1
1
1
1
1
1
1
1
1
1
1
1
1
1
1
1
1
1
0.333333
0.428571
0.5
0.555556
0.6
1
1
1
1
1
1
1
1
1
1
0.428571
0.5
0.555556
0.6
0.636364
1
1
1
1
1
1
1
1
1
1
0.5
0.555556
0.6
0.636364
0.666667
1
1
1
1
1
1
1
1
1
1
0.555556
0.6
0.636364
0.666667
0.692308
1
1
1
1
1
1
1
1
1
1
0.6
0.636364
0.666667
0.692308
0.714286
1
1
1
1
1
1
1
1
1
1
0.636364
0.666667
0.692308
0.714286
0.733333
1
1
1
1
1
1
1
1
1
1
0.666667
0.692308
0.714286
0.733333
0.75
1
1
1
1
1
1
1
1
1
1
0.692308
0.714286
0.733333
0.75
0.764706
1
1
1
1
1
1
1
1
1
1
0.714286
0.733333
0.75
0.764706
0.777778
1
1
1
1
1
1
1
1
1
1
0.733333
0.75
0.764706
0.777778
0.789474
1
1
1
1
1
1
1
1
1
1
0.75
0.764706
0.777778
0.789474
0.8
1
1
1
1
1
1
1
1
1
1
0.764706
0.777778
0.789474
0.8
0.809524
1
1
1
1
1
1
1
1
1
1
0.777778
0.789474
0.8
0.809524
0.818182
1
1
1
1
1
1
1
1
1
1
0.789474
0.8
0.809524
0.818182
0.826087
1
1
1
1
1
1
1
1
1
1
0.8
0.809524
0.818182
0.826087
0.833333
1
1
1
1
1
1
1
1
1
1
0.809524
0.818182
0.826087
0.833333
0.84
1
1
1
1
1
1
1
1
1
1
0.818182
0.826087
0.833333
0.84
0.846154
1
1
1
1
1
1
1
1
1
1
0.826087
0.833333
0.84
0.846154
0.851852
1
1
1
1
1
1
1
1
1
1
0.833333
0.84
0.846154
0.851852
0.857143
1
1
1
1
1
1
1
1
1
1
0.84
0.846154
0.851852
0.857143
0.862069
1
1
1
1
1
1
1
1
1
1
0.846154
0.851852
0.857143
0.862069
0.866667
1
1
1
1
1
1
1
1
1
1
0.851852
0.857143
0.862069
0.866667
0.870968
1
1
1
1
1
1
1
1
1
1
0.857143
0.862069
0.866667
0.870968
0.875
1
1
1
1
1
1
1
1
1
1
0.862069
0.866667
0.870968
0.875
0.878788
1
1
1
1
1
1
1
1
1
1
0.866667
0.870968
0.875
0.878788
0.882353
1
1
1
1
1
1
1
1
1
1
0.870968
0.875
0.878788
0.882353
0.885714
1
1
1
1
1
1
1
1
1
1
0.875
0.878788
0.882353
0.885714
0.888889
1
1
1
1
1
1
1
1
1
1
0.878788
0.882353
0.885714
0.888889
0.891892
1
1
1
1
1
1
1
1
1
1
0.882353
0.885714
0.888889
0.891892
0.894737
1
1
1
1
1
1
1
1
1
1
0.885714
0.888889
0.891892
0.894737
0.897436
1
1
1
1
1
1
1
1
1
1
0.888889
0.891892
0.894737
0.897436
0.9
1
1
1
1
1
1
1
1
1
1
0.891892
0.894737
0.897436
0.9
0.902439
1
1
1
1
1
1
1
1
1
1
0.894737
0.897436
0.9
0.902439
0.904762
1
1
1
1
1
1
1
1
1
1
0.897436
0.9
0.902439
0.904762
0.906977
1
1
1
1
1
1
1
1
1
1
0.9
0.902439
0.904762
0.906977
0.909091
1
1
1
1
1
1
1
1
1
1
0.902439
0.904762
0.906977
0.909091
0.911111
1
1
1
1
1
1
1
1
1
1
0.904762
0.906977
0.909091
0.911111
0.913043
1
1
1
1
1
1
1
1
1
1
0.906977
0.909091
0.911111
0.913043
0.914894
1
1
1
1
1
1
1
1
1
1
0.909091
0.911111
0.913043
0.914894
0.916667
1
1
1
1
1
1
1
1
1
1
0.911111
0.913043
0.914894
0.916667
0.918367
1
1
1
1
1
1
1
1
1
1
0.913043
0.914894
0.916667
0.918367
0.92
1
1
1
1
1
1
1
1
1
1
0.914894
0.916667
0.918367
0.92
0.921569
1
1
1
1
1
1
1
1
1
1
0.916667
0.918367
0.92
0.921569
0.923077
1
1
1
1
1
1
1
1
1
1
0.918367
0.92
0.921569
0.923077
0.924528
1
1
1
1
1
1
1
1
1
1
0.92
0.921569
0.923077
0.924528
0.925926
1
1
1
1
1
1
1
1
1
1
0.921569
0.923077
0.924528
0.925926
0.927273
1
1
1
1
1
1
1
1
1
1
0.923077
0.924528
0.925926
0.927273
0.928571
1
1
1
1
1
1
1
1
1
1
0.924528
0.925926
0.927273
0.928571
0.929825
1
1
1
1
1
1
1
1
1
1
0.925926
0.927273
0.928571
0.929825
0.931035
1
1
1
1
1
1
1
1
1
1
0.927273
0.928571
0.929825
0.931035
0.932203
1
1
1
1
1
1
1
1
1
1
0.928571
0.929825
0.931035
0.932203
0.933333
1
1
1
1
1
1
1
1
1
1
0.929825
0.931035
0.932203
0.933333
0.934426
1
1
1
1
1
1
1
1
1
1
0.931035
0.932203
0.933333
0.934426
0.935484
1
1
1
1
1
1
1
1
1
1
0.932203
0.933333
0.934426
0.935484
0.936508
1
1
1
1
1
1
1
1
1
1
0.933333
0.934426
0.935484
0.936508
0.9375
1
1
1
1
1
1
1
1
1
1
0.934426
0.935484
0.936508
0.9375
0.938462
1
1
1
1
1
1
1
1
1
1
0.935484
0.936508
0.9375
0.938462
0.939394
1
1
1
1
1
1
1
1
1
1
0.936508
0.9375
0.938462
0.939394
0.940298
1
1
1
1
1
1
1
1
1
1
0.9375
0.938462
0.939394
0.940298
0.941176
1
1
1
1
1
1
1
1
1
1
0.938462
0.939394
0.940298
0.941176
0.942029
1
1
1
1
1
1
1
1
1
1
0.939394
0.940298
0.941176
0.942029
0.942857
1
1
1
1
1
1
1
1
1
1
0.940298
0.941176
0.942029
0.942857
0.943662
1
1
1
1
1
1
1
1
1
1
0.941176
0.942029
0.942857
0.943662
0.944444
1
1
1
1
1
1
1
1
1
1
0.942029
0.942857
0.943662
0.944444
0.945205
1
1
1
1
1
1
1
1
1
1
0.942857
0.943662
0.944444
0.945205
0.945946
1
1
1
1
1
1
1
1
1
1
0.943662
0.944444
0.945205
0.945946
0.946667
1
