1
1
1
1
1
1
1
1
1
0.4
1
1
1
1
0.6
0.5
1
1
1
0.8
0.666667
0.571429
1
1
1
0.833333
0.714286
0.625
1
1
1
0.857143
0.75
0.666667
1
1
1
0.875
0.777778
0.7
1
1
1
0.888889
0.8
0.727273
1
1
1
0.9
0.818182
0.75
1
1
1
0.909091
0.833333
0.769231
1
1
1
0.916667
0.846154
0.785714
1
1
1
0.923077
0.857143
0.8
1
1
1
0.928571
0.866667
0.8125
1
1
1
0.933333
0.875
0.823529
1
1
1
0.9375
0.882353
0.833333
1
1
1
0.941176
0.888889
0.842105
1
1
1
0.944444
0.894737
0.85
1
1
1
0.947368
0.9
0.857143
1
1
1
0.95
0.904762
0.863636
1
1
1
0.952381
0.909091
0.869565
1
1
1
0.954545
0.913043
0.875
1
1
1
0.956522
0.916667
0.88
1
1
1
0.958333
0.92
0.884615
1
1
1
0.96
0.923077
0.888889
1
1
1
0.961538
0.925926
0.892857
1
1
1
0.962963
0.928571
0.896552
1
1
1
0.964286
0.931035
0.9
1
1
1
0.965517
0.933333
0.903226
1
1
1
0.966667
0.935484
0.90625
1
1
1
0.967742
0.9375
0.909091
1
1
1
0.96875
0.939394
0.911765
1
1
1
0.969697
0.941176
0.914286
1
1
1
0.970588
0.942857
0.916667
1
1
1
0.971429
0.944444
0.918919
1
1
1
0.972222
0.945946
0.921053
1
1
1
0.972973
0.947368
0.923077
1
1
1
0.973684
0.948718
0.925
1
1
1
0.974359
0.95
0.926829
1
1
1
0.975
0.951219
0.928571
1
1
1
0.97561
0.952381
0.930233
1
1
1
0.97619
0.953488
0.931818
1
1
1
0.976744
0.954545
0.933333
1
1
1
0.977273
0.955556
0.934783
1
1
1
0.977778
0.956522
0.93617
1
1
1
0.978261
0.957447
0.9375
1
1
1
0.978723
0.958333
0.938776
1
1
1
0.979167
0.959184
0.94
1
1
1
0.979592
0.96
0.941176
1
1
1
0.98
0.960784
0.942308
1
1
1
0.980392
0.961538
0.943396
1
1
1
0.980769
0.962264
0.944444
1
1
1
0.981132
0.962963
0.945455
1
1
1
0.981481
0.963636
0.946429
1
1
1
0.981818
0.964286
0.947368
1
1
1
0.982143
0.964912
0.948276
1
1
1
0.982456
0.965517
0.949153
1
1
1
0.982759
0.966102
0.95
1
1
1
0.983051
0.966667
0.95082
1
1
1
0.983333
0.967213
0.951613
1
1
1
0.983607
0.967742
0.952381
1
1
1
0.983871
0.968254
0.953125
1
1
1
0.984127
0.96875
0.953846
1
1
1
0.984375
0.969231
0.954545
1
1
1
0.984615
0.969697
0.955224
1
1
1
0.984848
0.970149
0.955882
1
1
1
0.985075
0.970588
0.956522
1
1
1
0.985294
0.971014
0.957143
1
1
1
0.985507
0.971429
0.957747
1
1
1
0.985714
0.971831
0.958333
1
1
1
0.985915
0.972222
0.958904
1
1
1
0.986111
0.972603
0.959459
1
1
1
0.986301
0.972973
0.96
1
1
1
0.986486
0.973333
0.960526
1
1
1
0.986667
0.973684
0.961039
1
1
1
0.986842
0.974026
0.961538
1
1
1
0.987013
0.974359
0.962025
1
1
1
0.987179
0.974684
0.9625
1
1
1
0.987342
0.975
0.962963
1
1
1
0.9875
0.975309
0.963415
1
1
1
0.987654
0.97561
0.963855
1
1
1
0.987805
0.975904
0.964286
1
1
1
0.987952
0.97619
0.964706
1
1
1
0.988095
0.976471
0.965116
1
1
1
0.988235
0.976744
0.965517
1
1
1
0.988372
0.977012
0.965909
1
1
1
0.988506
0.977273
0.966292
1
1
1
0.988636
0.977528
0.966667
1
1
1
0.988764
0.977778
0.967033
1
1
1
0.988889
0.978022
0.967391
1
1
1
0.989011
0.978261
0.967742
1
1
1
0.98913
0.978495
0.968085
1
1
1
0.989247
0.978723
0.968421
1
1
1
0.989362
0.978947
0.96875
1
1
1
0.989474
0.979167
0.969072
1
1
1
0.989583
0.979381
0.969388
1
1
1
0.989691
0.979592
0.969697
1
1
1
0.989796
0.979798
0.97
1
1
1
0.989899
0.98
0.970297
1
1
1
0.99
0.980198
0.970588
1
1
1
0.990099
0.980392
0.970874
1
1
1
0.990196
0.980583
0.971154
1
1
1
0.990291
0.980769
0.971429
1
1
1
0.990385
0.980952
0.971698
1
1
1
0.990476
0.981132
0.971963
1
1
1
0.990566
0.981308
0.972222
1
1
1
0.990654
0.981481
0.972477
1
1
1
0.990741
0.981651
0.972727
1
1
1
0.990826
0.981818
0.972973
1
1
1
0.990909
0.981982
0.973214
1
1
1
0.990991
0.982143
0.973451
1
1
1
0.991071
0.982301
0.973684
1
1
1
0.99115
0.982456
0.973913
1
1
1
0.991228
0.982609
0.974138
1
1
1
0.991304
0.982759
0.974359
1
1
1
0.991379
0.982906
0.974576
1
1
1
0.991453
0.983051
0.97479
1
1
1
0.991525
0.983193
0.975
1
1
1
0.991597
0.983333
0.975207
1
1
1
0.991667
0.983471
0.97541
1
1
1
0.991736
0.983607
0.97561
1
1
1
0.991803
0.98374
0.975806
1
1
1
0.99187
0.983871
0.976
1
1
1
0.991935
0.984
0.97619
1
1
1
0.992
0.984127
0.976378
1
1
1
0.992063
0.984252
0.976563
1
1
1
0.992126
0.984375
0.976744
1
1
1
0.992188
0.984496
0.976923
1
1
1
0.992248
0.984615
0.977099
1
1
1
0.992308
0.984733
0.977273
1
1
1
0.992366
0.984848
0.977444
1
1
1
0.992424
0.984962
0.977612
1
1
1
0.992481
0.985075
0.977778
1
1
1
0.992537
0.985185
0.977941
1
1
1
0.992593
0.985294
0.978102
1
1
1
0.992647
0.985401
0.978261
1
1
1
0.992701
0.985507
0.978417
1
1
1
0.992754
0.985611
0.978571
1
1
1
0.992806
0.985714
0.978723
1
1
1
0.992857
0.985816
0.978873
1
1
1
0.992908
0.985915
0.979021
1
1
1
0.992958
0.986014
0.979167
1
1
1
0.993007
0.986111
0.97931
1
1
1
0.993056
0.986207
0.979452
1
1
1
0.993103
0.986301
0.979592
1
1
1
0.993151
0.986395
0.97973
1
1
1
0.993197
0.986486
0.979866
1
1
1
0.993243
0.986577
0.98
1
1
1
0.993289
0.986667
0.980132
1
1
1
0.993333
0.986755
0.980263
1
1
1
0.993378
0.986842
0.980392
1
1
1
0.993421
0.986928
0.980519
1
1
1
0.993464
0.987013
0.980645
1
1
1
0.993506
0.987097
0.980769
1
1
1
0.993548
0.987179
0.980892
1
1
1
0.99359
0.987261
0.981013
1
1
1
0.993631
0.987342
0.981132
1
1
1
0.993671
0.987421
0.98125
1
1
1
0.993711
0.9875
0.981366
1
1
1
0.99375
0.987578
0.981481
1
1
1
0.993789
0.987654
0.981595
1
1
1
0.993827
0.98773
0.981707
1
1
1
0.993865
0.987805
0.981818
1
1
1
0.993902
0.987879
0.981928
1
1
1
0.993939
0.987952
0.982036
1
1
1
0.993976
0.988024
0.982143
1
1
1
0.994012
0.988095
0.982249
1
1
1
0.994048
0.988166
0.982353
