1
1
1
1
1
1
1
1
1
1
1
1
1
1
1
1
1
1
1
1
1
1
1
1
1
1
1
1
1
1
1
1
1
1
1
1
1
1
1
1
1
1
1
1
1
1
1
1
1
1
1
1
1
1
1
1
1
1
1
0.181818
0.25
0.307692
0.357143
0.4
0.4375
0.470588
0.5
0.526316
0.55
0.571429
0.590909
0.608696
0.625
0.64
0.653846
0.666667
0.678571
0.689655
0.7
1
1
1
1
1
1
1
1
1
1
0.25
0.307692
0.357143
0.4
0.4375
0.470588
0.5
0.526316
0.55
0.571429
1
1
1
1
1
1
1
1
1
1
0.25
0.307692
0.357143
0.4
0.4375
0.470588
0.5
0.526316
0.55
0.571429
0.181818
0.217391
0.25
0.28
0.307692
0.333333
0.357143
0.37931
0.4
0.419355
1
1
1
1
1
1
1
1
1
1
0.307692
0.357143
0.4
0.4375
0.470588
0.5
0.526316
0.55
0.571429
0.590909
1
1
1
1
1
1
1
1
1
1
0.307692
0.357143
0.4
0.4375
0.470588
0.5
0.526316
0.55
0.571429
0.590909
0.217391
0.25
0.28
0.307692
0.333333
0.357143
0.37931
0.4
0.419355
0.4375
1
1
1
1
1
1
1
1
1
1
0.357143
0.4
0.4375
0.470588
0.5
0.526316
0.55
0.571429
0.590909
0.608696
1
1
1
1
1
1
1
1
1
1
0.357143
0.4
0.4375
0.470588
0.5
0.526316
0.55
0.571429
0.590909
0.608696
0.25
0.28
0.307692
0.333333
0.357143
0.37931
0.4
0.419355
0.4375
0.454545
1
1
1
1
1
1
1
1
1
1
0.4
0.4375
0.470588
0.5
0.526316
0.55
0.571429
0.590909
0.608696
0.625
1
1
1
1
1
1
1
1
1
1
0.4
0.4375
0.470588
0.5
0.526316
0.55
0.571429
0.590909
0.608696
0.625
0.28
0.307692
0.333333
0.357143
0.37931
0.4
0.419355
0.4375
0.454545
0.470588
1
1
1
1
1
1
1
1
1
1
0.4375
0.470588
0.5
0.526316
0.55
0.571429
0.590909
0.608696
0.625
0.64
1
1
1
1
1
1
1
1
1
1
0.4375
0.470588
0.5
0.526316
0.55
0.571429
0.590909
0.608696
0.625
0.64
0.307692
0.333333
0.357143
0.37931
0.4
0.419355
0.4375
0.454545
0.470588
0.485714
1
1
1
1
1
1
1
1
1
1
0.470588
0.5
0.526316
0.55
0.571429
0.590909
0.608696
0.625
0.64
0.653846
1
1
1
1
1
1
1
1
1
1
0.470588
0.5
0.526316
0.55
0.571429
0.590909
0.608696
0.625
0.64
0.653846
0.333333
0.357143
0.37931
0.4
0.419355
0.4375
0.454545
0.470588
0.485714
0.5
1
1
1
1
1
1
1
1
1
1
0.5
0.526316
0.55
0.571429
0.590909
0.608696
0.625
0.64
0.653846
0.666667
1
1
1
1
1
1
1
1
1
1
0.5
0.526316
0.55
0.571429
0.590909
0.608696
0.625
0.64
0.653846
0.666667
0.357143
0.37931
0.4
0.419355
0.4375
0.454545
0.470588
0.485714
0.5
0.513514
1
1
1
1
1
1
1
1
1
1
0.526316
0.55
0.571429
0.590909
0.608696
0.625
0.64
0.653846
0.666667
0.678571
1
1
1
1
1
1
1
1
1
1
0.526316
0.55
0.571429
0.590909
0.608696
0.625
0.64
0.653846
0.666667
0.678571
0.37931
0.4
0.419355
0.4375
0.454545
0.470588
0.485714
0.5
0.513514
0.526316
1
1
1
1
1
1
1
1
1
1
0.55
0.571429
0.590909
0.608696
0.625
0.64
0.653846
0.666667
0.678571
0.689655
1
1
1
1
1
1
1
1
1
1
0.55
0.571429
0.590909
0.608696
0.625
0.64
0.653846
0.666667
0.678571
0.689655
0.4
0.419355
0.4375
0.454545
0.470588
0.485714
0.5
0.513514
0.526316
0.538462
1
1
1
1
1
1
1
1
1
1
0.571429
0.590909
0.608696
0.625
0.64
0.653846
0.666667
0.678571
0.689655
0.7
1
1
1
1
1
1
1
1
1
1
0.571429
0.590909
0.608696
0.625
0.64
0.653846
0.666667
0.678571
0.689655
0.7
0.419355
0.4375
0.454545
0.470588
0.485714
0.5
0.513514
0.526316
0.538462
0.55
1
1
1
1
1
1
1
1
1
1
0.590909
0.608696
0.625
0.64
0.653846
0.666667
0.678571
0.689655
0.7
0.709677
1
1
1
1
1
1
1
1
1
1
0.590909
0.608696
0.625
0.64
0.653846
0.666667
0.678571
0.689655
0.7
0.709677
0.4375
0.454545
0.470588
0.485714
0.5
0.513514
0.526316
0.538462
0.55
0.560976
1
1
1
1
1
1
1
1
1
1
0.608696
0.625
0.64
0.653846
0.666667
0.678571
0.689655
0.7
0.709677
0.71875
1
1
1
1
1
1
1
1
1
1
0.608696
0.625
0.64
0.653846
0.666667
0.678571
0.689655
0.7
0.709677
0.71875
0.454545
0.470588
0.485714
0.5
0.513514
0.526316
0.538462
0.55
0.560976
0.571429
1
1
1
1
1
1
1
1
1
1
0.625
0.64
0.653846
0.666667
0.678571
0.689655
0.7
0.709677
0.71875
0.727273
1
1
1
1
1
1
1
1
1
1
0.625
0.64
0.653846
0.666667
0.678571
0.689655
0.7
0.709677
0.71875
0.727273
0.470588
0.485714
0.5
0.513514
0.526316
0.538462
0.55
0.560976
0.571429
0.581395
1
1
1
1
1
1
1
1
1
1
0.64
0.653846
0.666667
0.678571
0.689655
0.7
0.709677
0.71875
0.727273
0.735294
1
1
1
1
1
1
1
1
1
1
0.64
0.653846
0.666667
0.678571
0.689655
0.7
0.709677
0.71875
0.727273
0.735294
0.485714
0.5
0.513514
0.526316
0.538462
0.55
0.560976
0.571429
0.581395
0.590909
1
1
1
1
1
1
1
1
1
1
0.653846
0.666667
0.678571
0.689655
0.7
0.709677
0.71875
0.727273
0.735294
0.742857
1
1
1
1
1
1
1
1
1
1
0.653846
0.666667
0.678571
0.689655
0.7
0.709677
0.71875
0.727273
0.735294
0.742857
0.5
0.513514
0.526316
0.538462
0.55
0.560976
0.571429
0.581395
0.590909
0.6
1
1
1
1
1
1
1
1
1
1
0.666667
0.678571
0.689655
0.7
0.709677
0.71875
0.727273
0.735294
0.742857
0.75
1
1
1
1
1
1
1
1
1
1
0.666667
0.678571
0.689655
0.7
0.709677
0.71875
0.727273
0.735294
0.742857
0.75
0.513514
0.526316
0.538462
0.55
0.560976
0.571429
0.581395
0.590909
0.6
0.608696
1
1
1
1
1
1
1
1
1
1
0.678571
0.689655
0.7
0.709677
0.71875
0.727273
0.735294
0.742857
0.75
0.756757
1
1
1
1
1
1
1
1
1
1
0.678571
0.689655
0.7
0.709677
0.71875
0.727273
0.735294
0.742857
0.75
0.756757
0.526316
0.538462
0.55
0.560976
0.571429
0.581395
0.590909
0.6
0.608696
0.617021
1
1
1
1
1
1
1
1
1
1
0.689655
0.7
0.709677
0.71875
0.727273
0.735294
0.742857
0.75
0.756757
0.763158
1
1
1
1
1
1
1
1
1
1
0.689655
0.7
0.709677
0.71875
0.727273
0.735294
0.742857
0.75
0.756757
0.763158
0.538462
0.55
0.560976
0.571429
0.581395
0.590909
0.6
0.608696
0.617021
0.625
1
1
1
1
1
1
1
1
1
1
0.7
0.709677
0.71875
0.727273
0.735294
0.742857
0.75
0.756757
0.763158
0.769231
1
