1
2
3
4
1
1
2
3
4
5
2
2
3
4
5
6
3
3
4
5
6
7
4
4
5
6
7
8
5
5
6
7
8
9
6
6
7
8
9
10
7
7
8
9
10
11
8
8
9
10
11
12
9
9
10
11
12
13
10
10
11
12
13
14
11
11
12
13
14
15
12
12
13
14
15
16
13
13
14
15
16
17
14
14
15
16
17
18
15
15
16
17
18
19
16
16
17
18
19
20
17
17
18
19
20
21
18
18
19
20
21
22
19
19
20
21
22
23
20
20
21
22
23
24
21
21
22
23
24
25
22
22
23
24
25
26
23
23
24
25
26
27
24
24
25
26
27
28
25
25
26
27
28
29
26
26
27
28
29
30
27
27
28
29
30
31
28
28
29
30
31
32
29
29
30
31
32
33
30
30
31
32
33
34
31
31
32
33
34
35
32
32
33
34
35
36
33
33
34
35
36
37
34
34
35
36
37
38
35
35
36
37
38
39
36
36
37
38
39
40
37
37
38
39
40
41
38
38
39
40
41
42
39
39
40
41
42
43
40
40
41
42
43
44
41
41
42
43
44
45
42
42
43
44
45
46
43
43
44
45
46
47
44
44
45
46
47
48
45
45
46
47
48
49
46
46
47
48
49
50
47
47
48
49
50
51
48
48
49
50
51
52
49
49
50
51
52
53
50
50
51
52
53
54
51
51
52
53
54
55
52
52
53
54
55
56
53
53
54
55
56
57
54
54
55
56
57
58
55
55
56
57
58
59
56
56
57
58
59
60
57
57
58
59
60
61
58
58
59
60
61
62
59
59
60
61
62
63
60
60
61
62
63
64
61
61
62
63
64
65
62
62
63
64
65
66
63
63
64
65
66
67
64
64
65
66
67
68
65
65
66
67
68
69
66
66
67
68
69
70
67
67
68
69
70
71
68
68
69
70
71
72
69
69
70
71
72
73
70
70
71
72
73
74
71
71
72
73
74
75
72
72
73
74
75
76
73
73
74
75
76
77
74
74
75
76
77
78
75
75
76
77
78
79
76
76
77
78
79
80
77
77
78
79
80
81
78
78
79
80
81
82
79
79
80
81
82
83
80
80
81
82
83
84
81
81
82
83
84
85
82
82
83
84
85
86
83
83
84
85
86
87
84
84
85
86
87
88
85
85
86
87
88
89
86
86
87
88
89
90
87
87
88
89
90
91
88
88
89
90
91
92
89
89
90
91
92
93
90
90
91
92
93
94
91
91
92
93
94
95
92
92
93
94
95
96
93
93
94
95
96
97
94
94
95
96
97
98
95
95
96
97
98
99
96
96
97
98
99
100
97
97
98
99
100
101
98
98
99
100
101
102
99
99
100
101
102
103
100
100
101
102
103
104
101
101
102
103
104
105
102
102
103
104
105
106
103
103
104
105
106
107
104
104
105
106
107
108
105
105
106
107
108
109
106
106
107
108
109
110
107
107
108
109
110
111
108
108
109
110
111
112
109
109
110
111
112
113
110
110
111
112
113
114
111
111
112
113
114
115
112
112
113
114
115
116
113
113
114
115
116
117
114
114
115
116
117
118
115
115
116
117
118
119
116
116
117
118
119
120
117
117
118
119
120
121
118
118
119
120
121
122
119
119
120
121
122
123
120
120
121
122
123
124
121
121
122
123
124
125
122
122
123
124
125
126
123
123
124
125
126
127
124
124
125
126
127
128
125
125
126
127
128
129
126
126
127
128
129
130
127
127
128
129
130
131
128
128
129
130
131
132
129
129
130
131
132
133
130
130
131
132
133
134
131
131
132
133
134
135
132
132
133
134
135
136
133
133
134
135
136
137
134
134
135
136
137
138
135
135
136
137
138
139
136
136
137
138
139
140
137
137
138
139
140
141
138
138
139
140
141
142
139
139
140
141
142
143
140
140
141
142
143
144
141
141
142
143
144
145
142
142
143
144
145
146
143
143
144
145
146
147
144
144
145
146
147
148
145
145
146
147
148
149
146
146
147
148
149
150
147
147
148
149
150
151
148
148
149
150
151
152
149
149
150
151
152
153
150
150
151
152
153
154
151
151
152
153
154
155
152
152
153
154
155
156
153
153
154
155
156
157
154
154
155
156
157
158
155
155
156
157
158
159
156
156
157
158
159
160
157
157
158
159
160
161
158
158
159
160
161
162
159
159
160
161
162
163
160
160
161
162
163
164
161
161
162
163
164
165
162
162
163
164
165
166
163
163
164
165
166
167
164
164
165
166
167
168
165
165
166
167
168
169
166
166
167
168
169
170
